picture75_jpeg.rf.00461e0053f2c96874c62ab5fe1de36e.jpg 259,76,453,276,0
picture9_jpeg.rf.01c964bbb37ca13f7a958e810da15e1c.jpg 258,75,544,310,0
picture32_jpeg.rf.0006980a126cb9fcf62e23db51203f62.jpg 245,99,421,300,0
picture214_jpeg.rf.02fd77c506597e99007927e44e6e98e5.jpg
picture130_jpeg.rf.040e034c8961e8b776d0d41ee5769499.jpg 220,48,451,304,0
picture265_jpeg.rf.06b253713876bb0e122dd7b82c7ab490.jpg 282,90,528,303,0
picture26_jpeg.rf.04da3ecc64c8b2766be99624e9940a0f.jpg 256,93,458,315,0
picture53_jpeg.rf.086b5d3aacc1e29f25ebb03c1cd94bb1.jpg 192,84,412,284,0
picture48_jpeg.rf.0be1267a1525b9a551a9f84ce3f43145.jpg 114,80,381,281,0
picture77_jpeg.rf.0bb41ee61444b6611aad7a06a1d04e2a.jpg 267,88,439,269,0
picture27_jpeg.rf.0a75be604472694b2d94287f3dc60a27.jpg 259,95,460,307,0
picture243_jpeg.rf.0cbd3e25cd981e21f6d2f008a5d0e6f3.jpg 265,92,506,304,0
picture143_jpeg.rf.0f71b5af64bb89e4784a612f80050c99.jpg 88,47,442,356,0
picture80_jpeg.rf.0d846f92c1f0284dc36bc5e691f150f1.jpg 263,85,445,272,0
picture70_jpeg.rf.13d0543ea5e7a46a4cdd4f97fc00537e.jpg 262,86,444,272,0
picture216_jpeg.rf.1628058acc258e1ab658b4261fabed15.jpg
picture219_jpeg.rf.1b88a9e259399d25cce6e3bf0ca71b3d.jpg
picture139_jpeg.rf.18b6e30f0fb828df75c9148a717fbae3.jpg 219,47,446,315,0
picture220_jpeg.rf.1b6d0c94b72c61b0843a6685f40e3b55.jpg
picture287_jpeg.rf.1b9304374d65ac95f98da97f6ec01322.jpg 128,68,377,281,0
picture102_jpeg.rf.1ce61e9d8d046b678a7364719a6bfda8.jpg 227,50,506,345,0
picture126_jpeg.rf.1e6e3837f967fc4c5d69af424f6c4954.jpg 218,53,440,305,0
picture167_jpeg.rf.1e866674bc5039e8d83c5d935062cc87.jpg 253,53,509,339,0
picture11_jpeg.rf.1e809f0203646d527b00516f185241d0.jpg 140,48,487,337,0
picture105_jpeg.rf.1ed123764ff3bfe9111b54731bf7832e.jpg 212,47,491,356,0
picture112_jpeg.rf.20ee2b76f7e87cbb0f4586c8ddf8b824.jpg 202,39,500,358,0
picture54_jpeg.rf.22063153a43f788ead75ae9cf9fa3217.jpg 174,82,405,289,0
picture250_jpeg.rf.2539a0665c7cb4289a53e78cdd8b9251.jpg 261,93,508,287,0
picture91_jpeg.rf.1fdca79037bbca4d1ea01c6c9de47994.jpg 255,90,488,275,0
picture180_jpeg.rf.243a9e7042c0ce473f7918531d9a6bea.jpg 251,42,505,339,0
picture154_jpeg.rf.26d4884720a2afcd782d2d90b88db414.jpg 179,42,509,359,0
picture116_jpeg.rf.26fb25e82c6d0afc7f95b907db70635f.jpg 239,39,533,359,0
picture211_jpeg.rf.2864229883361c34e1be608bc2298267.jpg
picture304_jpeg.rf.27da525de03c9650550cd11646d3dc92.jpg 318,73,586,336,0
picture306_jpeg.rf.2893be76a6e41b1ef13d31f3da65d9f5.jpg 309,72,611,344,0
picture253_jpeg.rf.287f3a8f5100d6e03a49bca72a523a4d.jpg 287,92,535,311,0
picture114_jpeg.rf.2b0568196ab6d13eb379beef13862fdb.jpg 242,40,525,358,0
picture159_jpeg.rf.2c3a5a95fe304a3bac6d0dcb9e95c307.jpg 131,47,486,356,0
picture183_jpeg.rf.2ad14626be4b7561d38291507671ef1b.jpg 64,39,493,359,0
picture155_jpeg.rf.2d7771da2fe2ee8afc72acd7b62cd781.jpg 184,35,507,359,0
picture37_jpeg.rf.30e9b2b54f67da9298e92dfd0ea4bc79.jpg 242,92,422,294,0
picture300_jpeg.rf.2efbd710e06d6394fcc53716e5386986.jpg 140,70,404,273,0
picture260_jpeg.rf.3319cdaf97a012bc4dc22cb24d0c6366.jpg 292,96,522,302,0
picture225_jpeg.rf.3223b8170f4b4a0c3bc4b16233435a30.jpg 231,71,443,332,0
picture309_jpeg.rf.33a6df54c2a1d7e00e045e48d68c9fd1.jpg 317,78,599,336,0
picture135_jpeg.rf.359b2947b9a6d9857d9659ac3eba35de.jpg 219,49,443,319,0
picture44_jpeg.rf.39bde6bff727f11b5583c017276ebe51.jpg 158,78,396,293,0
picture21_jpeg.rf.3bb438edb0807f0fed597edc781c97f9.jpg 253,85,506,357,0
picture286_jpeg.rf.3ca932db1f201b6f82a241f0d4a90efb.jpg 124,70,388,274,0
picture30_jpeg.rf.3df6081b5a7336ce714056f30629a3fe.jpg 245,98,429,298,0
picture221_jpeg.rf.45db6a574aa1794ada81a3e89c74e367.jpg 186,67,432,322,0
picture49_jpeg.rf.44da165ee262a584e4168241ebeb00f9.jpg 142,80,392,278,0
picture1_jpeg.rf.45e1f8c8c181f4b44a631f5ce07e796a.jpg 267,78,548,306,0
picture74_jpeg.rf.490c233da4cc6e5939adc2c76368e43e.jpg 262,82,442,267,0
picture295_jpeg.rf.4b4c1d36bf7479112a304ccd55ae95d9.jpg 132,79,393,278,0
picture153_jpeg.rf.4c8739cf3e5d851eaea697ce68bd9e3b.jpg 179,33,507,359,0
picture171_jpeg.rf.4fdd75a1e09d935b7d733c7bf5498247.jpg 257,48,501,333,0
picture149_jpeg.rf.4cee8e36f4f2918221f2696675513e06.jpg 58,42,430,359,0
picture244_jpeg.rf.4f2a0074dff66cadca832b8acf87f028.jpg 262,90,516,298,0
picture252_jpeg.rf.508751a5ee1bcf4f076e3eb4f994844a.jpg 267,93,509,303,0
picture232_jpeg.rf.52684543ff23114710cfd419c4061b5b.jpg 230,67,451,303,0
picture282_jpeg.rf.510b7d0a7f6f9428fc05dfc420607ad8.jpg 145,73,379,282,0
picture163_jpeg.rf.51f776a728a299aae2e82ccbd93667cc.jpg 258,50,505,328,0
picture83_jpeg.rf.5340e2e6ef7e06ff9e0f56a9e2b79e7d.jpg 238,79,479,268,0
picture198_jpeg.rf.56960ad184db3ca7e9a98fad7363e419.jpg 133,32,483,359,0
picture72_jpeg.rf.56135da8159d0b9107f2f858b789fd67.jpg 260,84,453,270,0
picture294_jpeg.rf.58da86dcb4697d71997b08f0a798c999.jpg 137,76,414,279,0
picture101_jpeg.rf.5829383b33495012c702b2eb39d703fd.jpg 235,31,611,359,0
picture256_jpeg.rf.598c01fb7d7802e5194db2a8e7237d05.jpg 289,91,531,315,0
picture230_jpeg.rf.5b90ef3b04a405cc962becb791d3a6a7.jpg 225,70,451,314,0
picture178_jpeg.rf.5ba0347c2663462422039d5619461257.jpg 256,47,505,340,0
picture123_jpeg.rf.5bc7be1acac074ad27f8763a2cde0847.jpg 227,55,449,279,0
picture109_jpeg.rf.5bff86d1b4d552a4dfb0561cacfb8cee.jpg 234,52,504,359,0
picture242_jpeg.rf.5c964d66bcb2c84592549a17b6d39d7c.jpg 266,89,508,293,0
picture5_jpeg.rf.5d2aacd1695973f71568781d4a436288.jpg 260,81,541,307,0
picture45_jpeg.rf.5d462bee848a8f40289fe1eafac20345.jpg 147,81,390,289,0
picture65_jpeg.rf.5e32af72b23015889fc89d59b736ac73.jpg 260,84,453,267,0
picture188_jpeg.rf.5e42ed168e9903fe1d39cc455fba4f02.jpg 45,27,470,359,0
picture187_jpeg.rf.5ea0722e06b6b65cbcb4854f97959763.jpg 44,27,472,359,0
picture273_jpeg.rf.5eb635915f1e69695cf0c80309f6ac52.jpg 294,97,507,308,0
picture47_jpeg.rf.62366e1d963264a8309efb1cd9191aed.jpg 111,78,377,287,0
picture60_jpeg.rf.5f5cde6dded68868884cfb53891129e8.jpg 179,87,402,296,0
picture43_jpeg.rf.6427096ffc7b40879913e6b373d25ec8.jpg 160,76,409,300,0
picture120_jpeg.rf.6675564b7bef8aa4d240100df0d8ce29.jpg 235,35,529,357,0
picture41_jpeg.rf.6a98be8beb07e1ce3d7575f02743b3cb.jpg 161,78,421,306,0
picture208_jpeg.rf.67b1d13114b0493f6d39a6e86bee5d67.jpg
picture46_jpeg.rf.6d5b959f0136d2f42a0c370b53f97185.jpg 136,85,392,288,0
picture94_jpeg.rf.6e7a990fef41d889d8ae4a9b9b5a64cc.jpg 250,96,487,267,0
picture199_jpeg.rf.705f87d621457487656ddd2c725de640.jpg 123,30,481,353,0
picture63_jpeg.rf.72096acd9a3bdf908e07d3063439248c.jpg 260,82,451,268,0
picture234_jpeg.rf.73c01f22148181dcb3253e053bdcbdfc.jpg 234,66,447,304,0
picture293_jpeg.rf.752cbd656c26fa0b8f3a6e383093f9e1.jpg 134,73,392,276,0
picture67_jpeg.rf.75aeeeabec47c809443184b56983190e.jpg 263,87,454,268,0
picture164_jpeg.rf.762f363d96334bc1981862b1ec93be0c.jpg 255,48,507,335,0
picture12_jpeg.rf.773d0bf34774a962394f9ef69a1c0ed8.jpg 156,48,481,310,0
picture226_jpeg.rf.7849e9e7b521f6a2e98bf1d0e75567c6.jpg 230,74,448,319,0
picture238_jpeg.rf.794afa5d155517ac0c1c360237e7e985.jpg 233,73,451,317,0
picture281_jpeg.rf.7851901b94242a74a6b3d5f2c5b17ae8.jpg 148,73,382,287,0
picture7_jpeg.rf.7a647176aa2251aa62570ed120f0ba22.jpg 0,0,0,0,0
picture88_jpeg.rf.7a4ca6ab90ae4fc863e53da14e19eca4.jpg 242,87,471,260,0
picture292_jpeg.rf.7b56c3bafee1e20d928b0282f41d409c.jpg 129,76,411,273,0
picture249_jpeg.rf.7bfe860b8859b2f34427d2f02230a27a.jpg 260,88,505,304,0
picture108_jpeg.rf.7b29ff1ff5166c0ae0dc444e85ec390c.jpg 237,44,559,359,0
picture64_jpeg.rf.7d9325d77eb43895dc109f4fd74aeab6.jpg 259,80,442,266,0
picture280_jpeg.rf.7f2c0f18960e6f8873679e45c9be1ed3.jpg
picture84_jpeg.rf.7e7745e2db17aa2b44ee060917ffd515.jpg 240,80,481,267,0
picture71_jpeg.rf.7ea8bd72fac1d73df50c5040e69bf7c3.jpg 261,79,446,275,0
picture138_jpeg.rf.814466ac5b3c461c6f51c5a1419b37a5.jpg 215,44,449,309,0
picture19_jpeg.rf.81b2b56bea10a516242949be2e4b942b.jpg 242,92,425,276,0
picture98_jpeg.rf.81e4335f93a64d4795b2e7202d7bbbe6.jpg 256,87,488,267,0
picture228_jpeg.rf.8298deb1c1ccda97c74b0a05d01478e6.jpg 232,67,445,313,0
picture81_jpeg.rf.844fcec9a2968feb86b05d47622c9663.jpg 225,91,454,268,0
picture61_jpeg.rf.84cae1ac79291aaa897cdcaa7b91eae0.jpg 263,87,441,273,0
picture69_jpeg.rf.870c275e2f5bcf1b9b7d1f9f02532f16.jpg 262,86,446,268,0
picture117_jpeg.rf.84700a2ae1d1462c6ecd880be7f70e34.jpg 238,35,532,359,0
picture233_jpeg.rf.8848c1b1dca1e4cdb6e16ccf15f27abd.jpg 225,68,451,310,0
picture36_jpeg.rf.8a479bf4a114c712674196619e54da6a.jpg 242,92,417,294,0
picture197_jpeg.rf.8c894c991fc4d4e05389652109e6f48e.jpg 128,30,478,359,0
picture125_jpeg.rf.8da62582c5cab2e6795d1aa098a05d9a.jpg 222,55,442,299,0
picture78_jpeg.rf.8dceb31d4eead165a064dacf4392c0fe.jpg 265,86,445,264,0
picture122_jpeg.rf.8e44002a7948e0ea384d2b162f2f3985.jpg 210,48,436,292,0
picture288_jpeg.rf.8e8565dc465b915eff13c9adf1b0375a.jpg 125,68,393,272,0
picture165_jpeg.rf.903f7898f2df215c433683670d0842af.jpg 254,53,507,333,0
picture196_jpeg.rf.8f95960ecb10914ce7a9c9ec4c1b242c.jpg 130,28,478,359,0
picture299_jpeg.rf.911c8a503ddc290e2029f5c30fed58ae.jpg 138,74,391,274,0
picture156_jpeg.rf.9211b1949ce53c8d329d6c452a87f89b.jpg 177,33,508,359,0
picture270_jpeg.rf.93c2b1bc9b3f48a2b3a6b7980c33f7cc.jpg 293,91,518,302,0
picture25_jpeg.rf.9439871f6fde07681c8af3fcc63fa4c6.jpg 264,106,461,303,0
picture22_jpeg.rf.9659f9e9b547c2b6bd7402110e195d34.jpg 247,85,510,359,0
picture257_jpeg.rf.986a92be2959b8bc8ec31a5534f67ec8.jpg 291,90,511,306,0
picture235_jpeg.rf.9aad8b4e2953a7d994f7873798cb1dc6.jpg 229,67,447,310,0
picture150_jpeg.rf.9bf38f2d1e0949aa9b71832fe9397fb7.jpg 85,36,405,359,0
picture204_jpeg.rf.9fd93f0cf224beb8a6120f52612f85ec.jpg
picture128_jpeg.rf.9db8a7481dd64424ff6080b969aaa6e9.jpg 216,50,444,309,0
picture59_jpeg.rf.a0496adbba080e79cc8562d4c3ed4854.jpg 175,80,405,295,0
picture239_jpeg.rf.a134149fb07e114c2eb6dde36fcbaaf8.jpg 236,69,455,313,0
picture10_jpeg.rf.a263de301ee2b1326d8b88736b53dc48.jpg 260,78,544,303,0
picture58_jpeg.rf.a183739f8943d4c0dbc44e56adab5249.jpg 179,84,407,289,0
picture132_jpeg.rf.a1fe0031be3c27906d74d98ce8efd28b.jpg 221,48,437,311,0
picture261_jpeg.rf.a2f76fe1215ade37ac169354ed310d2b.jpg 282,90,508,314,0
picture142_jpeg.rf.a410d2722842c18e6eeb8dbc4104b76e.jpg 96,43,444,350,0
picture307_jpeg.rf.a6c7493c50d3a3efe51a03f3c37b04e4.jpg 308,85,588,323,0
picture99_jpeg.rf.a431daf7a5ae1146cb7472e7ad702bb0.jpg 257,88,507,272,0
picture66_jpeg.rf.a6cbb8de9b5cd5f6b127b19867b04dde.jpg 258,78,448,270,0
picture39_jpeg.rf.a7dfca3ce6135b6240dab55090b8556e.jpg 245,94,422,296,0
picture268_jpeg.rf.aa58c0f91b86866eda5c5538ac0f62d6.jpg 279,90,534,309,0
picture271_jpeg.rf.aa0260f76176bdcb1886691bab06b7ed.jpg 286,92,493,294,0
picture224_jpeg.rf.ab5aab969de80c662792f21d0258eef9.jpg 229,75,451,314,0
picture251_jpeg.rf.ad91d4d261da07ebc63036f5c60a9e2a.jpg 265,90,511,302,0
picture172_jpeg.rf.abef3ea975e551a6123a9cda24f9fd14.jpg 250,44,511,333,0
picture92_jpeg.rf.af12e20a8974e83d9031c5050b613290.jpg 255,90,483,273,0
picture15_jpeg.rf.b02a24b946406c3b51cd24d10c528b84.jpg 152,70,471,344,0
picture284_jpeg.rf.af4547df4cf582efa4e2f571c4be0b78.jpg 137,64,391,272,0
picture129_jpeg.rf.b62e41722d9705a5f1e04473bd6c0c75.jpg 217,50,445,311,0
picture146_jpeg.rf.b31786280e6bce46a1ded373010af382.jpg 55,47,429,356,0
picture57_jpeg.rf.b9739036e40e07a1dee3f5a799c00dae.jpg 179,82,410,292,0
picture13_jpeg.rf.ba769956decc2cb38cb0a9d432442c79.jpg 169,35,523,353,0
picture28_jpeg.rf.ba55433ef42f2cfa9c86023714cff8fb.jpg 250,105,427,299,0
picture247_jpeg.rf.bb083f1fad03a3a55dc05f928d680e64.jpg 260,91,501,305,0
picture245_jpeg.rf.bb8d5151aaebd37d86edf91d2023acc7.jpg 257,92,508,300,0
picture121_jpeg.rf.be4407bce33fb1bca4360cae626f3fe7.jpg 142,50,441,303,0
picture308_jpeg.rf.be4bfb5d19fdceef6ab35ba7226c0d7d.jpg 315,76,605,327,0
picture176_jpeg.rf.be5a132fb2d8138c1bde0597c2c2aa81.jpg 257,44,505,339,0
picture264_jpeg.rf.c4782687d661de5c772ac2239cc09eca.jpg 284,90,528,307,0
picture162_jpeg.rf.c6cb4a7c16df2882719dc20f965eeae8.jpg 38,0,629,347,0
picture272_jpeg.rf.c4f90fb9e9a948843e35cefa3b62bbb4.jpg 285,96,487,296,0
picture17_jpeg.rf.c6d23cd338797222ab0613a2e1f32312.jpg 238,88,426,288,0
picture133_jpeg.rf.c765460d82de39d36f11c90cc04fb579.jpg 220,48,448,307,0
picture206_jpeg.rf.cb05a933214e57ad469faa635a7d8b82.jpg
picture52_jpeg.rf.c777963fdeb021757b594281ee37c103.jpg 182,83,450,279,0
picture266_jpeg.rf.ccc4cd9a87a9b1209d70d4adb6640e0e.jpg 281,88,516,301,0
picture296_jpeg.rf.cddcc6e58a9ca3d0cf0371cfcc221994.jpg 130,71,392,272,0
picture107_jpeg.rf.ce05d78af9e786e5070a44545c76ef35.jpg 233,47,564,359,0
picture302_jpeg.rf.ce4e65eeb36ef3b4f252f4eb4b4985fb.jpg 319,64,588,323,0
picture166_jpeg.rf.d10b855bab63abaf0e485a7149e9c5a6.jpg 259,54,503,337,0
picture240_jpeg.rf.d11a1027c51812373a583a76d5c8e935.jpg 229,68,459,306,0
picture213_jpeg.rf.d13656aee66f18ff54ba98b6183d7d24.jpg
picture174_jpeg.rf.d191e2a34ba819357c14eb1ef52d0fdc.jpg 254,45,505,340,0
picture29_jpeg.rf.d2d22aec636cc696f9a383134a5b7d00.jpg 248,102,425,298,0
picture23_jpeg.rf.d2e74543967daadc1ba2c14b855ee12c.jpg 246,83,510,358,0
picture79_jpeg.rf.d3a4b28499dd33113ce39774f1332c31.jpg 267,88,441,266,0
picture267_jpeg.rf.d55db0d753327014bcae7165359a1192.jpg 282,87,519,316,0
picture248_jpeg.rf.d3c0e093ee0b5729916a6d5513a1aeee.jpg 254,91,506,291,0
picture115_jpeg.rf.d5df0c42128bd88fc69c3cb9dc15c2b3.jpg 237,38,536,354,0
picture24_jpeg.rf.d6d7b0810fa965a16ba7f5f30a7343fa.jpg 261,101,460,320,0
picture20_jpeg.rf.d7e163968baeb586a3227392a7b4fd45.jpg 244,85,422,279,0
picture2_jpeg.rf.d88d524f900b35cea69bd80f268cc005.jpg 263,72,538,303,0
picture168_jpeg.rf.d9df8554d0accc7a032be1ee0b05dc89.jpg 254,47,499,344,0
picture222_jpeg.rf.e3090d9beefd0f843e3ace33198f9d7c.jpg 192,67,435,302,0
picture157_jpeg.rf.ddf550da59d70ddf3b70337a139e09fa.jpg 180,31,507,359,0
picture18_jpeg.rf.e3559b96098d2b85099e85df17ba917d.jpg 238,87,420,285,0
picture31_jpeg.rf.e394ce5347e09da7e878b82fe3618106.jpg 245,99,431,297,0
picture223_jpeg.rf.e3f2b2ec4f9a3db2732f616714a69c9d.jpg 228,72,449,323,0
picture89_jpeg.rf.e45d4c772c930372934fa596a37b7d89.jpg 239,82,477,264,0
picture38_jpeg.rf.e6bcea92b80bb1ffb93d4077198e80d9.jpg 245,92,430,281,0
picture203_jpeg.rf.ecea771a853ac4486ab4e33ba4aa056b.jpg
picture136_jpeg.rf.ed6cfb29886cfda6b8a1333664ce2ecc.jpg 216,50,445,313,0
picture111_jpeg.rf.ee3fd68b879d4b4732234bb50c044892.jpg 229,43,536,359,0
picture298_jpeg.rf.ee56d16a1f8a145d2c1186b85ca59110.jpg 148,76,397,267,0
picture269_jpeg.rf.f0246d5dc6ef04da9528c9dbe1b68295.jpg 284,89,525,321,0
picture131_jpeg.rf.f287bff0a7141a7737be1e766a730e74.jpg 215,44,451,309,0
picture145_jpeg.rf.f07e6254db5c911f232ff48825c44730.jpg 57,42,430,359,0
picture289_jpeg.rf.f5616e0723fa86c62ce101ded3082bf4.jpg 131,71,388,276,0
picture193_jpeg.rf.f60bead2f18c63624193416468afb762.jpg 68,27,499,359,0
picture207_jpeg.rf.f732348b80243023d3e30ea5bbe28e1c.jpg
picture113_jpeg.rf.f86ae9ceb5cf4ced3a2863fb57a479bb.jpg 237,31,571,359,0
picture106_jpeg.rf.f9f84b02dfc15952de57550e4f113ec7.jpg 236,47,562,359,0
picture246_jpeg.rf.fab8fb5e15c43b61165a66c3061c16f0.jpg 260,91,505,298,0
picture124_jpeg.rf.fb90f64a6160ea15812bbc6709c56744.jpg 223,51,442,302,0
picture87_jpeg.rf.fc1ee297733b7b7f1fdf1735f7fa3c48.jpg 236,80,479,260,0
picture301_jpeg.rf.fd201a724a392fb20c55c5243bf6877d.jpg 307,76,587,330,0
picture169_jpeg.rf.fd4f4c8aad8d2097aea7c0c79b5acd30.jpg 260,44,510,336,0